════════════════════════════════════════════════════════════════════
  RL  —  confronto originale vs distorto
════════════════════════════════════════════════════════════════════

  V_in  (V)
      f (Hz)      Orig      Dist        ΔV   σ_orig   σ_dist
  --------------------------------------------------------
         200   10.0260   10.6121   +0.5861   0.0200   0.0217
         500   10.0180   11.0312   +1.0132   0.0130   0.0152
        2000    9.9740   10.8983   +0.9243   0.0280   0.0310
        5000    9.9630   10.4859   +0.5229   0.0200   0.0216
       10000   10.0200   10.1983   +0.1783   0.0160   0.0170
       25000   10.0490   10.0466   -0.0024   0.0240   0.0245
       50000    9.9490    9.9467   -0.0023   0.0150   0.0158
      100000   10.0190   10.0159   -0.0031   0.0140   0.0149
      150000   10.0190   10.0179   -0.0011   0.0230   0.0235

  V_L  (V)
      f (Hz)      Orig      Dist        ΔV   σ_orig   σ_dist
  --------------------------------------------------------
         200    2.1040    2.2224   +0.1184   0.0200   0.0217
         500    4.7480    5.2350   +0.4870   0.0150   0.0173
        2000    9.0690    9.9099   +0.8409   0.0210   0.0235
        5000    9.8390   10.3511   +0.5121   0.0190   0.0206
       10000    9.9510   10.1434   +0.1924   0.0190   0.0200
       25000   10.0060   10.0124   +0.0064   0.0200   0.0206
       50000   10.0040    9.9968   -0.0072   0.0260   0.0265
      100000   10.0370   10.0373   +0.0003   0.0280   0.0284
      150000    9.9630    9.9572   -0.0058   0.0360   0.0363

  V_R  (V)
      f (Hz)      Orig      Dist        ΔV   σ_orig   σ_dist
  --------------------------------------------------------
         200    9.7430   10.3155   +0.5725   0.0320   0.0342
         500    8.7750    9.6668   +0.8918   0.0160   0.0183
        2000    4.2010    4.5878   +0.3868   0.0200   0.0224
        5000    1.8420    1.9344   +0.0924   0.0200   0.0216
       10000    0.9090    0.9322   +0.0232   0.0150   0.0161
       25000    0.3290    0.3284   -0.0006   0.0340   0.0344
       50000    0.1640    0.1618   -0.0022   0.0160   0.0168
      100000    0.0880    0.0862   -0.0018   0.0190   0.0196
      150000    0.0420    0.0447   +0.0027   0.0340   0.0344

  phi_in  (μs)
      f (Hz)        Orig        Dist          Δφ
  ----------------------------------------------
         200      0.1430      0.1214     -0.0216
         500     -0.0220     -0.0436     -0.0216
        2000     -0.1320     -0.1536     -0.0216
        5000      0.1900      0.1684     -0.0216
       10000      0.1400      0.1184     -0.0216
       25000     -0.0920     -0.1136     -0.0216
       50000      0.0340      0.0124     -0.0216
      100000     -0.0520     -0.0736     -0.0216
      150000      0.0940      0.0724     -0.0216

  phi_L  (μs)
      f (Hz)        Orig        Dist          Δφ
  ----------------------------------------------
         200   1081.0000   1080.9784     -0.0216
         500    342.7000    342.6784     -0.0216
        2000     34.7000     34.6784     -0.0216
        5000      5.9030      5.8814     -0.0216
       10000      1.2740      1.2524     -0.0216
       25000      0.2323      0.2107     -0.0216
       50000      0.0717      0.0502     -0.0216
      100000      0.0972      0.0756     -0.0216
      150000     -0.0494     -0.0710     -0.0216

  phi_R  (μs)
      f (Hz)        Orig        Dist          Δφ
  ----------------------------------------------
         200   -168.8690   -168.8906     -0.0216
         500   -157.4430   -157.4646     -0.0216
        2000    -90.3620    -90.3836     -0.0216
        5000    -44.0670    -44.0886     -0.0216
       10000    -23.4290    -23.4506     -0.0216
       25000     -9.8430     -9.8646     -0.0216
       50000     -4.8650     -4.8866     -0.0216
      100000     -2.3740     -2.3956     -0.0216
      150000     -1.7290     -1.7506     -0.0216

════════════════════════════════════════════════════════════════════
  RC  —  confronto originale vs distorto
════════════════════════════════════════════════════════════════════

  V_in  (V)
      f (Hz)      Orig      Dist        ΔV   σ_orig   σ_dist
  --------------------------------------------------------
         200    9.9640   10.5465   +0.5825   0.0650   0.0690
         500   10.0380   11.0532   +1.0152   0.0370   0.0411
        1000    9.9840   11.0457   +1.0617   0.0520   0.0577
        2000   10.0640   10.9975   +0.9335   0.0420   0.0461
        5000   10.0270   10.5388   +0.5118   0.0310   0.0330
        7000   10.0550   10.3981   +0.3431   0.0370   0.0386
       10000    9.8670   10.0528   +0.1858   0.0340   0.0350
       20000   10.0230   10.0414   +0.0184   0.0870   0.0873
       30000   10.0720   10.0706   -0.0014   0.0280   0.0284
       40000    9.9890    9.9815   -0.0075   0.0450   0.0453
       50000   10.0520   10.0534   +0.0014   0.0320   0.0324
       60000    9.9670    9.9684   +0.0014   0.0430   0.0433

  V_C  (V)
      f (Hz)      Orig      Dist        ΔV   σ_orig   σ_dist
  --------------------------------------------------------
         200    9.9680   10.5496   +0.5816   0.0410   0.0437
         500    9.9950   11.0167   +1.0217   0.0560   0.0619
        1000   10.0280   11.0930   +1.0650   0.0540   0.0599
        2000    9.8990   10.8083   +0.9093   0.0460   0.0505
        5000    9.9340   10.4526   +0.5186   0.0390   0.0413
        7000    9.8950   10.2342   +0.3392   0.0380   0.0396
       10000    9.7980    9.9863   +0.1883   0.0650   0.0664
       20000    9.0410    9.0588   +0.0178   0.1030   0.1033
       30000    8.2380    8.2360   -0.0020   0.0980   0.0981
       40000    7.4040    7.3982   -0.0058   0.0380   0.0383
       50000    6.7140    6.7181   +0.0041   0.0470   0.0473
       60000    5.8540    5.8518   -0.0022   0.0600   0.0602

  V_R  (V)
      f (Hz)      Orig      Dist        ΔV   σ_orig   σ_dist
  --------------------------------------------------------
         200    0.1190    0.1238   +0.0048   0.0560   0.0595
         500    0.1300    0.1415   +0.0115   0.1090   0.1202
        1000    0.1880    0.2106   +0.0226   0.0420   0.0467
        2000    0.4860    0.5327   +0.0467   0.0490   0.0538
        5000    1.1810    1.2445   +0.0635   0.0890   0.0938
        7000    1.5210    1.5760   +0.0550   0.0550   0.0571
       10000    2.1870    2.2388   +0.0518   0.0700   0.0715
       20000    4.0310    4.0370   +0.0060   0.0640   0.0643
       30000    5.5270    5.5237   -0.0033   0.0440   0.0443
       40000    6.7870    6.7807   -0.0063   0.0700   0.0702
       50000    7.4970    7.4979   +0.0009   0.0230   0.0235
       60000    8.0100    8.0136   +0.0036   0.0720   0.0722

  phi_in  (μs)
      f (Hz)        Orig        Dist          Δφ
  ----------------------------------------------
         200      0.1010      0.0794     -0.0216
         500      0.0120     -0.0096     -0.0216
        1000      0.0010     -0.0206     -0.0216
        2000     -0.2140     -0.2356     -0.0216
        5000     -0.1730     -0.1946     -0.0216
        7000      0.0840      0.0624     -0.0216
       10000      0.0670      0.0454     -0.0216
       20000      0.0360      0.0144     -0.0216
       30000     -0.1400     -0.1616     -0.0216
       40000     -0.0590     -0.0806     -0.0216
       50000     -0.1460     -0.1676     -0.0216
       60000      0.0050     -0.0166     -0.0216

  phi_C  (μs)
      f (Hz)        Orig        Dist          Δφ
  ----------------------------------------------
         200     -3.4770     -3.4986     -0.0216
         500     -3.3890     -3.4106     -0.0216
        1000     -3.4710     -3.4926     -0.0216
        2000     -3.3890     -3.4106     -0.0216
        5000     -3.4690     -3.4906     -0.0216
        7000     -3.6300     -3.6516     -0.0216
       10000     -3.6020     -3.6236     -0.0216
       20000     -3.4790     -3.5006     -0.0216
       30000     -3.1330     -3.1546     -0.0216
       40000     -2.8890     -2.9106     -0.0216
       50000     -2.7190     -2.7406     -0.0216
       60000     -2.5090     -2.5306     -0.0216

  phi_R  (μs)
      f (Hz)        Orig        Dist          Δφ
  ----------------------------------------------
         200   1246.4540   1246.4324     -0.0216
         500    496.2090    496.1874     -0.0216
        1000    246.5660    246.5444     -0.0216
        2000    121.5280    121.5064     -0.0216
        5000     46.5370     46.5154     -0.0216
        7000     32.2620     32.2404     -0.0216
       10000     21.6300     21.6084     -0.0216
       20000      9.0600      9.0384     -0.0216
       30000      5.2330      5.2114     -0.0216
       40000      3.4850      3.4634     -0.0216
       50000      2.3650      2.3434     -0.0216
       60000      1.7780      1.7564     -0.0216

════════════════════════════════════════════════════════════════════
  RLC  —  confronto originale vs distorto
════════════════════════════════════════════════════════════════════

  V_in  (V)
      f (Hz)      Orig      Dist        ΔV   σ_orig   σ_dist
  --------------------------------------------------------
        4000    9.9860   10.6206   +0.6346   0.0260   0.0281
        5000   10.0150   10.5307   +0.5157   0.0270   0.0288
        6000    9.9930   10.4221   +0.4291   0.0310   0.0327
        7000   10.0250   10.3782   +0.3532   0.0170   0.0183
        8000   10.0110   10.2851   +0.2741   0.0120   0.0133
        9000   10.0220   10.2469   +0.2249   0.0250   0.0261
       10000    9.9470   10.1343   +0.1873   0.0240   0.0250
       15000   10.0090   10.0721   +0.0631   0.0350   0.0356
       20000   10.0290   10.0489   +0.0199   0.0130   0.0140
       30000    9.9960    9.9905   -0.0055   0.0180   0.0187
       50000   10.0210   10.0225   +0.0015   0.0130   0.0139
       70000    9.9870    9.9887   +0.0017   0.0170   0.0177

  V_R  (V)
      f (Hz)      Orig      Dist        ΔV   σ_orig   σ_dist
  --------------------------------------------------------
        4000    0.5440    0.5788   +0.0348   0.0280   0.0302
        5000    0.7210    0.7641   +0.0431   0.0190   0.0206
        6000    0.9230    0.9646   +0.0416   0.0180   0.0194
        7000    1.0910    1.1246   +0.0336   0.0200   0.0213
        8000    1.3850    1.4261   +0.0411   0.0150   0.0162
        9000    1.7110    1.7457   +0.0347   0.0030   0.0059
       10000    2.1290    2.1734   +0.0444   0.0180   0.0190
       15000    8.6600    8.7157   +0.0557   0.0410   0.0416
       20000    4.0990    4.1063   +0.0073   0.0390   0.0394
       30000    1.5130    1.5094   -0.0036   0.0210   0.0216
       50000    0.7710    0.7769   +0.0059   0.0210   0.0216
       70000    0.4670    0.4661   -0.0009   0.0240   0.0245

  V_L  (V)
      f (Hz)      Orig      Dist        ΔV   σ_orig   σ_dist
  --------------------------------------------------------
        4000    0.7030    0.7454   +0.0424   0.0220   0.0239
        5000    1.0990    1.1544   +0.0554   0.0440   0.0466
        6000    1.6340    1.7062   +0.0722   0.0170   0.0184
        7000    2.3970    2.4822   +0.0852   0.0140   0.0153
        8000    3.3710    3.4686   +0.0976   0.0360   0.0374
        9000    4.6150    4.7237   +0.1087   0.0220   0.0231
       10000    6.3680    6.4982   +0.1302   0.0280   0.0290
       15000   39.3300   39.5821   +0.2521   0.0250   0.0257
       20000   24.8180   24.8650   +0.0470   0.0180   0.0187
       30000   13.7870   13.7812   -0.0058   0.0280   0.0284
       50000   11.1000   11.0998   -0.0002   0.0190   0.0196
       70000   10.5160   10.5194   +0.0034   0.0290   0.0294

  V_C  (V)
      f (Hz)      Orig      Dist        ΔV   σ_orig   σ_dist
  --------------------------------------------------------
        4000   10.6780   11.3544   +0.6764   0.0280   0.0302
        5000   11.0680   11.6395   +0.5715   0.0260   0.0278
        6000   11.6080   12.0980   +0.4900   0.0200   0.0214
        7000   12.2770   12.7071   +0.4301   0.0260   0.0274
        8000   13.2170   13.5955   +0.3785   0.0300   0.0313
        9000   14.5030   14.8405   +0.3375   0.0290   0.0301
       10000   16.1640   16.4641   +0.3001   0.0300   0.0310
       15000   44.3250   44.6125   +0.2875   0.0400   0.0406
       20000   15.7100   15.7419   +0.0319   0.0400   0.0404
       30000    3.8600    3.8606   +0.0006   0.0290   0.0294
       50000    1.0950    1.0990   +0.0040   0.0370   0.0373
       70000    0.5450    0.5460   +0.0010   0.0250   0.0255

  phi_in  (μs)
      f (Hz)        Orig        Dist          Δφ
  ----------------------------------------------
        4000      0.1230      0.1014     -0.0216
        5000      0.2100      0.1884     -0.0216
        6000      0.1280      0.1064     -0.0216
        7000      0.2080      0.1864     -0.0216
        8000      0.1160      0.0944     -0.0216
        9000     -0.0600     -0.0816     -0.0216
       10000     -0.0620     -0.0836     -0.0216
       15000     -0.0980     -0.1196     -0.0216
       20000      0.0300      0.0084     -0.0216
       30000      0.0370      0.0154     -0.0216
       50000     -0.0230     -0.0446     -0.0216
       70000     -0.0260     -0.0476     -0.0216

  phi_R  (μs)
      f (Hz)        Orig        Dist          Δφ
  ----------------------------------------------
        4000     60.3360     60.3144     -0.0216
        5000     47.5050     47.4834     -0.0216
        6000     39.4150     39.3934     -0.0216
        7000     33.2720     33.2504     -0.0216
        8000     28.6070     28.5854     -0.0216
        9000     24.8680     24.8464     -0.0216
       10000     21.7850     21.7634     -0.0216
       15000      5.4370      5.4154     -0.0216
       20000     -9.0630     -9.0846     -0.0216
       30000     -7.3630     -7.3846     -0.0216
       50000     -4.7050     -4.7266     -0.0216
       70000     -3.3640     -3.3856     -0.0216

  phi_L  (μs)
      f (Hz)        Orig        Dist          Δφ
  ----------------------------------------------
        4000    122.5780    122.5564     -0.0216
        5000     97.7750     97.7534     -0.0216
        6000     80.8800     80.8584     -0.0216
        7000     68.9510     68.9294     -0.0216
        8000     59.8950     59.8734     -0.0216
        9000     52.3290     52.3074     -0.0216
       10000     46.5160     46.4944     -0.0216
       15000     22.2100     22.1884     -0.0216
       20000      3.1630      3.1414     -0.0216
       30000      1.0380      1.0164     -0.0216
       50000      0.1570      0.1354     -0.0216
       70000      0.1350      0.1134     -0.0216

  phi_C  (μs)
      f (Hz)        Orig        Dist          Δφ
  ----------------------------------------------
        4000     -2.0910     -2.1126     -0.0216
        5000     -2.2060     -2.2276     -0.0216
        6000     -2.5270     -2.5486     -0.0216
        7000     -2.4390     -2.4606     -0.0216
        8000     -2.8340     -2.8556     -0.0216
        9000     -3.1020     -3.1236     -0.0216
       10000     -3.4540     -3.4756     -0.0216
       15000    -11.0280    -11.0496     -0.0216
       20000    -21.5040    -21.5256     -0.0216
       30000    -15.9740    -15.9956     -0.0216
       50000     -9.5750     -9.5966     -0.0216
       70000     -6.9600     -6.9816     -0.0216