======================================================================
RL
======================================================================

RL_frequenza = np.array([200.0, 500.0, 2000.0, 5000.0, 10000.0, 25000.0, 50000.0, 100000.0, 150000.0])
RL_V_in = np.array([10.6121, 11.0312, 10.8983, 10.4859, 10.1983, 10.0466, 9.9467, 10.0159, 10.0179])
RL_sigma_V_in = np.array([0.0217, 0.0152, 0.0310, 0.0216, 0.0170, 0.0245, 0.0158, 0.0149, 0.0235])
RL_V_L = np.array([2.2224, 5.2350, 9.9099, 10.3511, 10.1434, 10.0124, 9.9968, 10.0373, 9.9572])
RL_sigma_V_L = np.array([0.0217, 0.0173, 0.0235, 0.0206, 0.0200, 0.0206, 0.0265, 0.0284, 0.0363])
RL_V_R = np.array([10.3155, 9.6668, 4.5878, 1.9344, 0.9322, 0.3284, 0.1618, 0.0862, 0.0447])
RL_sigma_V_R = np.array([0.0342, 0.0183, 0.0224, 0.0216, 0.0161, 0.0344, 0.0168, 0.0196, 0.0344])
RL_phi_in = np.array([1.2141e-07, -4.3592e-08, -1.5359e-07, 1.6841e-07, 1.1841e-07, -1.1359e-07, 1.2408e-08, -7.3592e-08, 7.2408e-08])
RL_sigma_phi_in = np.array([2.0000e-07, 2.0000e-07, 4.0000e-07, 2.0000e-07, 2.0000e-07, 2.0000e-07, 2.0000e-07, 2.0000e-07, 2.0000e-07])
RL_phi_L = np.array([1.0810e-03, 3.4268e-04, 3.4678e-05, 5.8814e-06, 1.2524e-06, 2.1071e-07, 5.0158e-08, 7.5628e-08, -7.0952e-08])
RL_sigma_phi_L = np.array([2.0000e-07, 2.0000e-07, 4.0000e-07, 2.0000e-07, 2.0000e-07, 2.0000e-07, 2.0000e-07, 2.0000e-07, 2.0000e-07])
RL_phi_R = np.array([-1.6889e-04, -1.5746e-04, -9.0384e-05, -4.4089e-05, -2.3451e-05, -9.8646e-06, -4.8866e-06, -2.3956e-06, -1.7506e-06])
RL_sigma_phi_R = np.array([2.0000e-07, 2.0000e-07, 4.0000e-07, 2.0000e-07, 2.0000e-07, 2.0000e-07, 2.0000e-07, 2.0000e-07, 2.0000e-07])

======================================================================
RC
======================================================================

RC_frequenza = np.array([200.0, 500.0, 1000.0, 2000.0, 5000.0, 7000.0, 10000.0, 20000.0, 30000.0, 40000.0, 50000.0, 60000.0])
RC_V_in = np.array([10.5465, 11.0532, 11.0457, 10.9975, 10.5388, 10.3981, 10.0528, 10.0414, 10.0706, 9.9815, 10.0534, 9.9684])
RC_sigma_V_in = np.array([0.0690, 0.0411, 0.0577, 0.0461, 0.0330, 0.0386, 0.0350, 0.0873, 0.0284, 0.0453, 0.0324, 0.0433])
RC_V_C = np.array([10.5496, 11.0167, 11.0930, 10.8083, 10.4526, 10.2342, 9.9863, 9.0588, 8.2360, 7.3982, 6.7181, 5.8518])
RC_sigma_V_C = np.array([0.0437, 0.0619, 0.0599, 0.0505, 0.0413, 0.0396, 0.0664, 0.1033, 0.0981, 0.0383, 0.0473, 0.0602])
RC_V_R = np.array([0.1238, 0.1415, 0.2106, 0.5327, 1.2445, 1.5760, 2.2388, 4.0370, 5.5237, 6.7807, 7.4979, 8.0136])
RC_sigma_V_R = np.array([0.0595, 0.1202, 0.0467, 0.0538, 0.0938, 0.0571, 0.0715, 0.0643, 0.0443, 0.0702, 0.0235, 0.0722])
RC_phi_in = np.array([7.9408e-08, -9.5915e-09, -2.0592e-08, -2.3559e-07, -1.9459e-07, 6.2408e-08, 4.5408e-08, 1.4408e-08, -1.6159e-07, -8.0592e-08, -1.6759e-07, -1.6592e-08])
RC_sigma_phi_in = np.array([2.0000e-07, 2.0000e-07, 2.0000e-07, 2.0000e-07, 2.0000e-07, 2.0000e-07, 2.0000e-07, 2.0000e-07, 2.0000e-07, 2.0000e-07, 2.0000e-07, 2.0000e-07])
RC_phi_C = np.array([-3.4986e-06, -3.4106e-06, -3.4926e-06, -3.4106e-06, -3.4906e-06, -3.6516e-06, -3.6236e-06, -3.5006e-06, -3.1546e-06, -2.9106e-06, -2.7406e-06, -2.5306e-06])
RC_sigma_phi_C = np.array([2.0000e-07, 2.0000e-07, 2.0000e-07, 2.0000e-07, 2.0000e-07, 2.0000e-07, 2.0000e-07, 2.0000e-07, 2.0000e-07, 2.0000e-07, 2.0000e-07, 2.0000e-07])
RC_phi_R = np.array([1.2464e-03, 4.9619e-04, 2.4654e-04, 1.2151e-04, 4.6515e-05, 3.2240e-05, 2.1608e-05, 9.0384e-06, 5.2114e-06, 3.4634e-06, 2.3434e-06, 1.7564e-06])
RC_sigma_phi_R = np.array([2.0000e-07, 2.0000e-07, 2.0000e-07, 2.0000e-07, 2.0000e-07, 2.0000e-07, 2.0000e-07, 2.0000e-07, 2.0000e-07, 2.0000e-07, 2.0000e-07, 2.0000e-07])

======================================================================
RLC
======================================================================

RLC_frequenza = np.array([4000.0, 5000.0, 6000.0, 7000.0, 8000.0, 9000.0, 10000.0, 15000.0, 20000.0, 30000.0, 50000.0, 70000.0])
RLC_V_in = np.array([10.6206, 10.5307, 10.4221, 10.3782, 10.2851, 10.2469, 10.1343, 10.0721, 10.0489, 9.9905, 10.0225, 9.9887])
RLC_sigma_V_in = np.array([0.0281, 0.0288, 0.0327, 0.0183, 0.0133, 0.0261, 0.0250, 0.0356, 0.0140, 0.0187, 0.0139, 0.0177])
RLC_V_R = np.array([0.5788, 0.7641, 0.9646, 1.1246, 1.4261, 1.7457, 2.1734, 8.7157, 4.1063, 1.5094, 0.7769, 0.4661])
RLC_sigma_V_R = np.array([0.0302, 0.0206, 0.0194, 0.0213, 0.0162, 0.0059, 0.0190, 0.0416, 0.0394, 0.0216, 0.0216, 0.0245])
RLC_V_L = np.array([0.7454, 1.1544, 1.7062, 2.4822, 3.4686, 4.7237, 6.4982, 39.5821, 24.8650, 13.7812, 11.0998, 10.5194])
RLC_sigma_V_L = np.array([0.0239, 0.0466, 0.0184, 0.0153, 0.0374, 0.0231, 0.0290, 0.0257, 0.0187, 0.0284, 0.0196, 0.0294])
RLC_V_C = np.array([11.3544, 11.6395, 12.0980, 12.7071, 13.5955, 14.8405, 16.4641, 44.6125, 15.7419, 3.8606, 1.0990, 0.5460])
RLC_sigma_V_C = np.array([0.0302, 0.0278, 0.0214, 0.0274, 0.0313, 0.0301, 0.0310, 0.0406, 0.0404, 0.0294, 0.0373, 0.0255])
RLC_phi_in = np.array([1.0141e-07, 1.8841e-07, 1.0641e-07, 1.8641e-07, 9.4408e-08, -8.1592e-08, -8.3592e-08, -1.1959e-07, 8.4085e-09, 1.5408e-08, -4.4592e-08, -4.7592e-08])
RLC_sigma_phi_in = np.array([2.0000e-07, 2.0000e-07, 2.0000e-07, 2.0000e-07, 2.0000e-07, 2.0000e-07, 2.0000e-07, 2.0000e-07, 2.0000e-07, 2.0000e-07, 2.0000e-07, 2.0000e-07])
RLC_phi_R = np.array([6.0314e-05, 4.7483e-05, 3.9393e-05, 3.3250e-05, 2.8585e-05, 2.4846e-05, 2.1763e-05, 5.4154e-06, -9.0846e-06, -7.3846e-06, -4.7266e-06, -3.3856e-06])
RLC_sigma_phi_R = np.array([2.0000e-07, 2.0000e-07, 2.0000e-07, 2.0000e-07, 2.0000e-07, 2.0000e-07, 2.0000e-07, 2.0000e-07, 2.0000e-07, 2.0000e-07, 2.0000e-07, 2.0000e-07])
RLC_phi_L = np.array([1.2256e-04, 9.7753e-05, 8.0858e-05, 6.8929e-05, 5.9873e-05, 5.2307e-05, 4.6494e-05, 2.2188e-05, 3.1414e-06, 1.0164e-06, 1.3541e-07, 1.1341e-07])
RLC_sigma_phi_L = np.array([2.0000e-07, 2.0000e-07, 2.0000e-07, 2.0000e-07, 2.0000e-07, 2.0000e-07, 2.0000e-07, 2.0000e-07, 2.0000e-07, 2.0000e-07, 2.0000e-07, 2.0000e-07])
RLC_phi_C = np.array([-2.1126e-06, -2.2276e-06, -2.5486e-06, -2.4606e-06, -2.8556e-06, -3.1236e-06, -3.4756e-06, -1.1050e-05, -2.1526e-05, -1.5996e-05, -9.5966e-06, -6.9816e-06])
RLC_sigma_phi_C = np.array([2.0000e-07, 2.0000e-07, 2.0000e-07, 2.0000e-07, 2.0000e-07, 2.0000e-07, 2.0000e-07, 2.0000e-07, 2.0000e-07, 2.0000e-07, 2.0000e-07, 2.0000e-07])